# lambda=0.492365075525228
2.011266549480463564e+08 5.789359700793826953e+06 -1.779465468121914193e+06 -2.047230454252026509e+06 -1.268045167539409595e+06 -4.196753284026052570e+05 3.038090211595573346e+05 -7.093983359463333618e+05 -3.738086249467452581e+04 4.243962040437936666e+05 5.035487329519219697e+07 1.673413233237063698e+07 5.115048558958764770e+05 2.075714370896667242e+05 -1.506543078274107073e+06 -3.706311458721657749e+06 -8.889583394387201406e+05 2.021990457076211227e+06 5.227575189793257741e+05 -5.835358575591918780e+05 1.693353420036268979e+07 -3.917662117901691236e+06 4.882820098017038777e+06 6.214607776160947047e+06 -4.981826744341388694e+05 3.699523455819196533e+06 -1.351883416971561266e+06 -1.718893728285417892e+06 1.786785937082793796e+06 6.968339396569121163e+05
5.789359700793826953e+06 4.609624437473718822e+07 1.594713108168225735e+06 -7.051685320834193844e+05 -2.176936263545158145e+05 2.862829648923547356e+05 9.193745204095088411e+04 -9.748364198903381475e+04 -4.153922918441778165e+05 -4.434618422814459677e+02 2.019919528299961984e+07 9.642986752117443830e+06 6.363928265276130987e+05 1.112072505741719157e+06 -5.760225283488385321e+04 3.487080970758345793e+05 -6.418873972280175803e+04 1.421352328957805003e+05 -2.282290806688696321e+05 -4.492238447956431191e+05 3.962419959591544466e+05 -8.488475787320900708e+05 2.022242090247532818e+06 5.303138670193174621e+05 -1.233191158578549512e+06 6.154439443822217436e+04 1.157730419775746996e+06 -4.981000637419789564e+05 4.735281116259138798e+05 4.330093008917840780e+05
-1.779465468121914193e+06 1.594713108168225735e+06 1.715655367581690103e+07 1.629001033217531629e+06 8.223722613929536601e+04 -2.677411430639462924e+04 1.725947037583293422e+04 4.437508963156610116e+04 3.940482384527780596e+03 -1.189900515132140717e+05 3.037938235201325268e+06 4.503837643424618058e+06 3.581495369390067179e+06 2.905366969770069118e+05 2.600289366809873027e+05 1.867551633530796607e+04 -1.584138314996435365e+05 -5.147961251840464683e+04 -1.360325335320021550e+05 -1.045186608527942881e+05 1.738433552074875915e+06 3.258238760128966067e+06 -1.770094348052028508e+05 -1.431934514002880082e+06 5.869757312125420431e+05 8.581699464617327321e+05 1.627620235020916152e+05 -3.898504013804459246e+05 2.801254300831945147e+05 1.007060370161086576e+04
-2.047230454252026509e+06 -7.051685320834193844e+05 1.629001033217531629e+06 5.201459986616545357e+06 3.824631531375638442e+05 1.523207500396258838e+05 -6.992777639962271496e+04 -1.768485309678922204e+04 4.690594166445404699e+04 -1.670295815799369666e+04 7.522423467259450117e+05 8.193835710140102310e+04 1.546026320749683073e+06 4.371640751576711191e+05 -4.933235122686248360e+04 1.838221473390083120e+05 -1.426331665076513018e+05 1.415997178875220561e+04 5.500593861686070159e+04 4.999487812976814166e+04 7.806794153656129492e+05 8.931166206864065025e+05 4.842492427779554855e+05 -7.750725520565323532e+05 2.252589316585647757e+05 -6.047284098348011321e+04 3.227857985832824124e+04 1.053529264131841337e+05 2.369517487577013380e+05 1.692494689072408437e+04
-1.268045167539409595e+06 -2.176936263545158145e+05 8.223722613929536601e+04 3.824631531375638442e+05 1.738430955761106918e+06 1.397552922975269612e+05 2.846740015984203637e+04 6.057961846024243277e+04 2.514233292250295199e+04 1.496466773189065680e+04 -3.314119799026006367e+06 -2.982218985121940728e+06 -4.858509834963169124e+04 2.359889974020258524e+05 8.973219836055482738e+05 1.358599871681387303e+05 -1.406450081562783089e+04 5.243517615451805614e+04 2.291163203036444611e+04 7.058072857939045934e+04 -3.298999709945061477e+05 1.192054913160878001e+06 9.127623692779494449e+05 3.592429240671067964e+05 4.634654861735904124e+05 -8.934066802902125346e+04 3.176080819698987762e+05 9.882294670184985080e+03 5.199033158218247991e+04 4.069149901876888907e+04
-4.196753284026052570e+05 2.862829648923547356e+05 -2.677411430639462924e+04 1.523207500396258838e+05 1.397552922975269612e+05 9.394755532426850405e+05 1.195231883945385016e+04 5.316735296671086689e+04 1.408827126210116876e+04 2.255529611185149861e+03 -1.028169515163125354e+06 -1.230946704717585817e+06 -3.724192262534460751e+05 -1.547576309420505422e+05 2.310116649361733580e+05 3.016884833112289198e+05 6.370258338575395464e+04 4.542074125256208936e+04 -6.236696774341103264e+03 -3.463749809723971703e+04 6.526504305651417963e+04 2.528658765414192749e+05 3.676276169905980933e+05 2.405341018332529638e+05 -2.374580181837948476e+04 -2.648483116772790672e+05 1.664318635233247187e+05 -2.360929209045435709e+04 -2.332232257465927887e+03 2.398130212600794493e+03
3.038090211595573346e+05 9.193745204095088411e+04 1.725947037583293422e+04 -6.992777639962271496e+04 2.846740015984203637e+04 1.195231883945385016e+04 4.878641226738318801e+05 3.830456593756116490e+03 5.075097363476169932e+01 2.253959966996178628e+04 -4.247337622648742399e+05 -5.503628798621121095e+05 -5.347414362631986151e+05 1.972620734828332788e+05 1.360257016751959163e+05 2.550947611171173412e+04 9.229194387879324495e+04 1.089962241164577281e+05 7.832707246718679380e+04 -2.376824419984850010e+03 -2.702187176346648484e+05 -1.251923984683704621e+05 -1.128160950136319298e+05 -4.042568117960697691e+03 2.773046349479455603e+04 -5.034385112818720245e+02 6.195374699703086662e+04 1.768532525908126627e+04 -6.851616943134358735e+04 -5.544346669779651711e+04
-7.093983359463333618e+05 -9.748364198903381475e+04 4.437508963156610116e+04 -1.768485309678922204e+04 6.057961846024243277e+04 5.316735296671086689e+04 3.830456593756116490e+03 3.051366641821956728e+05 1.206617580436737990e+04 1.356770843487135062e+04 -2.012863327560544421e+05 -1.284020254309616575e+05 -1.165029379604564456e+05 -2.228141829696914065e+05 1.588913890615533455e+05 6.973318553235674335e+04 3.476271155091641413e+04 6.107500016121330555e+04 2.241259743706556401e+04 -9.394992636981418400e+03 4.286305437456406071e+04 2.193496746472600207e+05 -5.102542118878653127e+04 3.010502188423948246e+05 7.467430704139270529e+04 -1.943113173237537558e+05 2.807192605878359245e+04 -1.567102768227398201e+03 1.230950099436325763e+04 1.187215629223124552e+03
-3.738086249467452581e+04 -4.153922918441778165e+05 3.940482384527780596e+03 4.690594166445404699e+04 2.514233292250295199e+04 1.408827126210116876e+04 5.075097363476169932e+01 1.206617580436737990e+04 1.634954475863480184e+05 1.438115611976620312e+04 9.101624769761132484e+03 -3.323619005271543865e+05 -4.443224260304551572e+05 -2.844432799887265428e+05 -7.240190838503076520e+03 1.549806546024080490e+03 -1.784633717379472000e+04 2.341198198277441406e+04 5.048369694260879623e+04 1.179504027309613093e+03 3.530086259265186964e+05 -3.615375316278301761e+04 -4.711502659968029911e+04 -2.533544728897125751e+05 1.538263949478297764e+04 -9.841786075104277188e+03 -6.851399901006117580e+04 -4.712244288704437349e+04 2.655626819112492376e+04 1.625948851457228329e+03
4.243962040437936666e+05 -4.434618422814459677e+02 -1.189900515132140717e+05 -1.670295815799369666e+04 1.496466773189065680e+04 2.255529611185149861e+03 2.253959966996178628e+04 1.356770843487135062e+04 1.438115611976620312e+04 1.285869649590636691e+05 1.313906516708831186e+05 -7.983149046066202573e+04 -2.184138848473343533e+05 4.231654687117461435e+04 -8.980550659341384016e+04 -1.947942791712634425e+04 1.837672988969526341e+04 -2.048305187982739153e+04 -1.093508912447451621e+04 2.790115980077159111e+04 -9.940087767798060668e+04 -3.168195095650709118e+05 1.558828132982465031e+05 2.116341510803358397e+05 5.367729279816790950e+03 -7.901907152550449246e+04 1.218078494214511556e+04 -3.053858053484831180e+04 3.452995153843356093e+04 3.658207091638077600e+03
5.035487329519219697e+07 2.019919528299961984e+07 3.037938235201325268e+06 7.522423467259450117e+05 -3.314119799026006367e+06 -1.028169515163125354e+06 -4.247337622648742399e+05 -2.012863327560544421e+05 9.101624769761132484e+03 1.313906516708831186e+05 6.407051210151866674e+08 2.442225383530144021e+07 -9.676681814240006730e+06 4.684294113575699157e+04 -3.499288460475082044e+06 1.085396614825285273e+06 -1.695274903592430346e+05 -3.671607732276854108e+02 1.484389111820005579e+06 -1.256299618495627539e+06 1.865690831844390929e+07 -4.732458503610996529e+06 4.940173328856319189e+06 1.262146340444765799e+07 -1.530179929604000179e+06 -1.370353655135362642e+06 -1.028330138344408572e+07 -2.858287397179487161e+06 1.798036802972292295e+06 -2.918947238011677982e+05
1.673413233237063698e+07 9.642986752117443830e+06 4.503837643424618058e+06 8.193835710140102310e+04 -2.982218985121940728e+06 -1.230946704717585817e+06 -5.503628798621121095e+05 -1.284020254309616575e+05 -3.323619005271543865e+05 -7.983149046066202573e+04 2.442225383530144021e+07 2.878439073749912381e+08 2.132652683821552992e+07 -3.952789452711972408e+06 -2.073277530257884180e+06 -1.755029734102388378e+06 2.869069658583249548e+05 1.128913941414509900e+06 2.047106547189778212e+04 6.622124527603320312e+05 8.461950801296319813e+06 2.075799421807994321e+07 -4.438636986225996166e+06 1.861325955377164064e+05 2.314528978761317208e+06 1.889027923228812171e+06 -2.134810319991926197e+06 -5.508935618001839612e+05 7.245211604685470229e+04 -4.760581610890161246e+05
5.115048558958764770e+05 6.363928265276130987e+05 3.581495369390067179e+06 1.546026320749683073e+06 -4.858509834963169124e+04 -3.724192262534460751e+05 -5.347414362631986151e+05 -1.165029379604564456e+05 -4.443224260304551572e+05 -2.184138848473343533e+05 -9.676681814240006730e+06 2.132652683821552992e+07 6.854776651795674860e+07 7.272367025009820936e+05 -2.428575957364451140e+06 -9.334375413868132746e+05 -3.660225841837396147e+05 7.735993075049486652e+04 -4.247914738390609855e+05 -3.768820471894526272e+05 3.243967540369525086e+06 8.993933401785157621e+06 8.269276261510451324e+06 7.948851889634694671e+05 1.097014307004304603e+06 6.510242588762553642e+05 6.193871156029539416e+05 1.539110992895451840e+06 5.297572608465848025e+05 3.574704264105173643e+05
2.075714370896667242e+05 1.112072505741719157e+06 2.905366969770069118e+05 4.371640751576711191e+05 2.359889974020258524e+05 -1.547576309420505422e+05 1.972620734828332788e+05 -2.228141829696914065e+05 -2.844432799887265428e+05 4.231654687117461435e+04 4.684294113575699157e+04 -3.952789452711972408e+06 7.272367025009820936e+05 1.962196901246953011e+07 1.463131028030895162e+06 -7.008311356636794517e+05 -2.719535350654009962e+05 -6.705271820090034744e+05 -2.557778380438175809e+05 1.946341460445455159e+05 -5.118493534149338491e+06 6.394663221621399280e+05 -2.011623763033945346e+06 3.261159661218421534e+06 7.114296618747588946e+05 -8.390680762573271058e+05 5.199720618682516215e+04 4.314637603413393954e+05 -9.035939481509341567e+04 -9.930795514586061472e+04
-1.506543078274107073e+06 -5.760225283488385321e+04 2.600289366809873027e+05 -4.933235122686248360e+04 8.973219836055482738e+05 2.310116649361733580e+05 1.360257016751959163e+05 1.588913890615533455e+05 -7.240190838503076520e+03 -8.980550659341384016e+04 -3.499288460475082044e+06 -2.073277530257884180e+06 -2.428575957364451140e+06 1.463131028030895162e+06 1.185340214447134919e+07 7.253304986221943982e+05 -2.170768592868975538e+05 -4.928939197508099023e+05 2.688639204000327300e+04 2.588948982554657268e+05 -1.559731715825129766e+06 -2.019383909946705215e+06 -6.350885262116105150e+04 5.337323136556800455e+05 2.522951761703670956e+06 8.813599899146327516e+05 4.510433997381505324e+05 -7.575461008835317625e+04 -1.768250307209201274e+05 2.393351490777565050e+05
-3.706311458721657749e+06 3.487080970758345793e+05 1.867551633530796607e+04 1.838221473390083120e+05 1.358599871681387303e+05 3.016884833112289198e+05 2.550947611171173412e+04 6.973318553235674335e+04 1.549806546024080490e+03 -1.947942791712634425e+04 1.085396614825285273e+06 -1.755029734102388378e+06 -9.334375413868132746e+05 -7.008311356636794517e+05 7.253304986221943982e+05 6.908564711001940072e+06 5.424216762369547505e+05 -2.660488012202985701e+05 1.918928248382174061e+05 5.181346640779564768e+04 2.672976377041880041e+06 7.250102069024875527e+05 -9.832623195584197529e+05 -8.912880572681796039e+05 2.864999814895372838e+05 6.795082089769818122e+05 5.751281213884310564e+05 8.562453292428623536e+04 -1.539443909263440291e+05 -1.014010961570201325e+05
-8.889583394387201406e+05 -6.418873972280175803e+04 -1.584138314996435365e+05 -1.426331665076513018e+05 -1.406450081562783089e+04 6.370258338575395464e+04 9.229194387879324495e+04 3.476271155091641413e+04 -1.784633717379472000e+04 1.837672988969526341e+04 -1.695274903592430346e+05 2.869069658583249548e+05 -3.660225841837396147e+05 -2.719535350654009962e+05 -2.170768592868975538e+05 5.424216762369547505e+05 3.217126922672173008e+06 2.047687833790479635e+05 1.729499301375277573e+05 -2.994559190207424990e+02 1.202953384186909534e+06 -4.602916996592584765e+05 5.611036145390477031e+05 6.945067869522744149e+04 -3.143283072043518187e+05 3.676779595928905765e+05 6.945775732495896518e+05 9.729117850456603628e+04 -4.183767595467341016e+04 -1.624466376561310317e+05
2.021990457076211227e+06 1.421352328957805003e+05 -5.147961251840464683e+04 1.415997178875220561e+04 5.243517615451805614e+04 4.542074125256208936e+04 1.089962241164577281e+05 6.107500016121330555e+04 2.341198198277441406e+04 -2.048305187982739153e+04 -3.671607732276854108e+02 1.128913941414509900e+06 7.735993075049486652e+04 -6.705271820090034744e+05 -4.928939197508099023e+05 -2.660488012202985701e+05 2.047687833790479635e+05 2.206809678518597502e+06 2.012546638739660557e+05 -2.565714476793763606e+04 4.934000630600765580e+05 -3.401120960740415467e+04 2.327285878080533585e+05 -4.744574059003676666e+04 -2.902275333320273203e+05 2.009227521162266203e+05 1.128259385243867837e+04 2.206443776076796348e+05 -7.353214026088990067e+02 -2.137961869620186553e+04
5.227575189793257741e+05 -2.282290806688696321e+05 -1.360325335320021550e+05 5.500593861686070159e+04 2.291163203036444611e+04 -6.236696774341103264e+03 7.832707246718679380e+04 2.241259743706556401e+04 5.048369694260879623e+04 -1.093508912447451621e+04 1.484389111820005579e+06 2.047106547189778212e+04 -4.247914738390609855e+05 -2.557778380438175809e+05 2.688639204000327300e+04 1.918928248382174061e+05 1.729499301375277573e+05 2.012546638739660557e+05 1.076871316646193620e+06 2.985716039921578704e+04 6.545165980202382198e+05 -1.224727875946380896e+06 -1.186346989467419684e+06 -5.461316646377268480e+05 -2.684610042458653697e+04 3.233217014144315181e+04 -8.074191752512690437e+04 -4.607052307210159779e+04 5.400957038213195483e+04 -8.582325329445155512e+04
-5.835358575591918780e+05 -4.492238447956431191e+05 -1.045186608527942881e+05 4.999487812976814166e+04 7.058072857939045934e+04 -3.463749809723971703e+04 -2.376824419984850010e+03 -9.394992636981418400e+03 1.179504027309613093e+03 2.790115980077159111e+04 -1.256299618495627539e+06 6.622124527603320312e+05 -3.768820471894526272e+05 1.946341460445455159e+05 2.588948982554657268e+05 5.181346640779564768e+04 -2.994559190207424990e+02 -2.565714476793763606e+04 2.985716039921578704e+04 5.489906941829395946e+05 -2.506395131703545921e+05 -5.351007711737848149e+04 -3.573020988501005922e+05 1.837070887025631091e+05 3.385092872891775332e+05 1.705588331836424477e+05 4.390247795724354364e+04 -3.595794219751148194e+04 -4.556047071097704611e+04 -2.017861621051529073e+04
1.693353420036268979e+07 3.962419959591544466e+05 1.738433552074875915e+06 7.806794153656129492e+05 -3.298999709945061477e+05 6.526504305651417963e+04 -2.702187176346648484e+05 4.286305437456406071e+04 3.530086259265186964e+05 -9.940087767798060668e+04 1.865690831844390929e+07 8.461950801296319813e+06 3.243967540369525086e+06 -5.118493534149338491e+06 -1.559731715825129766e+06 2.672976377041880041e+06 1.202953384186909534e+06 4.934000630600765580e+05 6.545165980202382198e+05 -2.506395131703545921e+05 1.609726679916895032e+08 2.039260332985167578e+07 -6.805866367553900927e+06 -5.860345176675858907e+06 -7.098201549742824864e+04 2.797315318332239985e+06 -6.311752502277690219e+05 -9.177784459971815813e+05 1.564876648519702721e+06 1.920834461817017582e+05
-3.917662117901691236e+06 -8.488475787320900708e+05 3.258238760128966067e+06 8.931166206864065025e+05 1.192054913160878001e+06 2.528658765414192749e+05 -1.251923984683704621e+05 2.193496746472600207e+05 -3.615375316278301761e+04 -3.168195095650709118e+05 -4.732458503610996529e+06 2.075799421807994321e+07 8.993933401785157621e+06 6.394663221621399280e+05 -2.019383909946705215e+06 7.250102069024875527e+05 -4.602916996592584765e+05 -3.401120960740415467e+04 -1.224727875946380896e+06 -5.351007711737848149e+04 2.039260332985167578e+07 2.108127039332021475e+08 2.548975537442527711e+07 8.207705196312052198e+06 1.139173272004694445e+06 -3.072019376743534114e+06 1.487562026882285019e+06 -3.023893761803523521e+05 8.444821883623949252e+05 -3.641503429206913279e+04
4.882820098017038777e+06 2.022242090247532818e+06 -1.770094348052028508e+05 4.842492427779554855e+05 9.127623692779494449e+05 3.676276169905980933e+05 -1.128160950136319298e+05 -5.102542118878653127e+04 -4.711502659968029911e+04 1.558828132982465031e+05 4.940173328856319189e+06 -4.438636986225996166e+06 8.269276261510451324e+06 -2.011623763033945346e+06 -6.350885262116105150e+04 -9.832623195584197529e+05 5.611036145390477031e+05 2.327285878080533585e+05 -1.186346989467419684e+06 -3.573020988501005922e+05 -6.805866367553900927e+06 2.548975537442527711e+07 1.083648415058402717e+08 1.190901574296212383e+07 6.264243157430588035e+05 1.184835312626217958e+06 1.573073363180653192e+06 9.410400503366485937e+05 1.637585186522285687e+06 7.948978287153844722e+05
6.214607776160947047e+06 5.303138670193174621e+05 -1.431934514002880082e+06 -7.750725520565323532e+05 3.592429240671067964e+05 2.405341018332529638e+05 -4.042568117960697691e+03 3.010502188423948246e+05 -2.533544728897125751e+05 2.116341510803358397e+05 1.262146340444765799e+07 1.861325955377164064e+05 7.948851889634694671e+05 3.261159661218421534e+06 5.337323136556800455e+05 -8.912880572681796039e+05 6.945067869522744149e+04 -4.744574059003676666e+04 -5.461316646377268480e+05 1.837070887025631091e+05 -5.860345176675858907e+06 8.207705196312052198e+06 1.190901574296212383e+07 5.186154646047714353e+07 5.942076164172664285e+06 -6.993484835327202454e+05 2.765103236400564783e+05 1.275941375341733219e+06 2.407938530192321341e+05 2.917129059166202787e+05
-4.981826744341388694e+05 -1.233191158578549512e+06 5.869757312125420431e+05 2.252589316585647757e+05 4.634654861735904124e+05 -2.374580181837948476e+04 2.773046349479455603e+04 7.467430704139270529e+04 1.538263949478297764e+04 5.367729279816790950e+03 -1.530179929604000179e+06 2.314528978761317208e+06 1.097014307004304603e+06 7.114296618747588946e+05 2.522951761703670956e+06 2.864999814895372838e+05 -3.143283072043518187e+05 -2.902275333320273203e+05 -2.684610042458653697e+04 3.385092872891775332e+05 -7.098201549742824864e+04 1.139173272004694445e+06 6.264243157430588035e+05 5.942076164172664285e+06 1.423414832204294018e+07 1.384671744827049784e+06 -4.712298295475664781e+04 5.030140053477701149e+05 -1.138740806910902611e+05 2.227528487686197623e+05
3.699523455819196533e+06 6.154439443822217436e+04 8.581699464617327321e+05 -6.047284098348011321e+04 -8.934066802902125346e+04 -2.648483116772790672e+05 -5.034385112818720245e+02 -1.943113173237537558e+05 -9.841786075104277188e+03 -7.901907152550449246e+04 -1.370353655135362642e+06 1.889027923228812171e+06 6.510242588762553642e+05 -8.390680762573271058e+05 8.813599899146327516e+05 6.795082089769818122e+05 3.676779595928905765e+05 2.009227521162266203e+05 3.233217014144315181e+04 1.705588331836424477e+05 2.797315318332239985e+06 -3.072019376743534114e+06 1.184835312626217958e+06 -6.993484835327202454e+05 1.384671744827049784e+06 9.452329215692821890e+06 5.824463591505154036e+05 1.583664430947602668e+05 2.272520944854716163e+03 1.304040988240653824e+05
-1.351883416971561266e+06 1.157730419775746996e+06 1.627620235020916152e+05 3.227857985832824124e+04 3.176080819698987762e+05 1.664318635233247187e+05 6.195374699703086662e+04 2.807192605878359245e+04 -6.851399901006117580e+04 1.218078494214511556e+04 -1.028330138344408572e+07 -2.134810319991926197e+06 6.193871156029539416e+05 5.199720618682516215e+04 4.510433997381505324e+05 5.751281213884310564e+05 6.945775732495896518e+05 1.128259385243867837e+04 -8.074191752512690437e+04 4.390247795724354364e+04 -6.311752502277690219e+05 1.487562026882285019e+06 1.573073363180653192e+06 2.765103236400564783e+05 -4.712298295475664781e+04 5.824463591505154036e+05 5.517970438133268617e+06 3.728524117655821028e+05 4.894642463695825427e+04 1.115873797963481047e+05
-1.718893728285417892e+06 -4.981000637419789564e+05 -3.898504013804459246e+05 1.053529264131841337e+05 9.882294670184985080e+03 -2.360929209045435709e+04 1.768532525908126627e+04 -1.567102768227398201e+03 -4.712244288704437349e+04 -3.053858053484831180e+04 -2.858287397179487161e+06 -5.508935618001839612e+05 1.539110992895451840e+06 4.314637603413393954e+05 -7.575461008835317625e+04 8.562453292428623536e+04 9.729117850456603628e+04 2.206443776076796348e+05 -4.607052307210159779e+04 -3.595794219751148194e+04 -9.177784459971815813e+05 -3.023893761803523521e+05 9.410400503366485937e+05 1.275941375341733219e+06 5.030140053477701149e+05 1.583664430947602668e+05 3.728524117655821028e+05 2.281606991904005408e+06 1.153471503451678145e+05 1.709547973110277235e+04
1.786785937082793796e+06 4.735281116259138798e+05 2.801254300831945147e+05 2.369517487577013380e+05 5.199033158218247991e+04 -2.332232257465927887e+03 -6.851616943134358735e+04 1.230950099436325763e+04 2.655626819112492376e+04 3.452995153843356093e+04 1.798036802972292295e+06 7.245211604685470229e+04 5.297572608465848025e+05 -9.035939481509341567e+04 -1.768250307209201274e+05 -1.539443909263440291e+05 -4.183767595467341016e+04 -7.353214026088990067e+02 5.400957038213195483e+04 -4.556047071097704611e+04 1.564876648519702721e+06 8.444821883623949252e+05 1.637585186522285687e+06 2.407938530192321341e+05 -1.138740806910902611e+05 2.272520944854716163e+03 4.894642463695825427e+04 1.153471503451678145e+05 1.582686062005967600e+06 1.352264516260590171e+05
6.968339396569121163e+05 4.330093008917840780e+05 1.007060370161086576e+04 1.692494689072408437e+04 4.069149901876888907e+04 2.398130212600794493e+03 -5.544346669779651711e+04 1.187215629223124552e+03 1.625948851457228329e+03 3.658207091638077600e+03 -2.918947238011677982e+05 -4.760581610890161246e+05 3.574704264105173643e+05 -9.930795514586061472e+04 2.393351490777565050e+05 -1.014010961570201325e+05 -1.624466376561310317e+05 -2.137961869620186553e+04 -8.582325329445155512e+04 -2.017861621051529073e+04 1.920834461817017582e+05 -3.641503429206913279e+04 7.948978287153844722e+05 2.917129059166202787e+05 2.227528487686197623e+05 1.304040988240653824e+05 1.115873797963481047e+05 1.709547973110277235e+04 1.352264516260590171e+05 9.841652196353075560e+05
