# lambda=0.5991751239039036
2.767540852021170855e+08 8.788435663451932371e+06 7.612832030541641638e+06 4.015017895885536913e+06 4.581612631193442270e+06 -6.710827508647426730e+05 -7.633858774189946707e+05 -1.916179767914607946e+05 3.714416856439263793e+05 -4.733971498546088696e+05 7.516100089444576204e+07 -4.683094886673794128e+06 9.184451906093666330e+06 -2.081544076738456264e+06 -5.892429089853517944e+05 -2.074842296981159132e+06 4.581408454455350875e+05 -5.648407814728543162e+05 -4.190973480008082115e+05 5.199277287286210922e+05 -3.112093381816772278e+06 -1.765947664137672633e+07 1.253159805147429928e+06 9.982694482726871967e+06 -4.562919213087121956e+06 -1.269127961067610886e+06 5.613310051192863844e+06 1.845512085955971153e+06 -1.915334883260750212e+06 -9.856910303305919515e+05
8.788435663451932371e+06 4.784666464620738477e+07 4.285226468301055022e+06 -1.737742227378294047e+05 9.751460427655603271e+05 -7.254189268042650656e+04 2.579421828054483922e+05 4.543676630792914075e+05 2.701574755076467991e+05 -2.995508232748482988e+04 -1.184950009989516251e+07 1.059835005423019268e+07 7.114431196157101542e+06 -1.531861230364378542e+06 -1.395174655919096898e+06 -1.051682361743661109e+06 4.882092045690727537e+05 -1.981884811010003032e+05 2.890077453848914593e+05 5.798266807278801571e+04 7.650850130933906883e+06 -9.732311171261148527e+06 1.484501873395656003e+05 6.870657819977910549e+04 1.818436536538952962e+06 -3.576968307329172385e+05 -5.538013396578447428e+05 4.450686338277650066e+05 -1.261923750521107111e+06 2.656757434996252996e+05
7.612832030541641638e+06 4.285226468301055022e+06 2.210220411873090640e+07 1.118080234587745275e+06 -4.120201278113140725e+05 2.722726734877012859e+04 -2.084627168774884194e+04 -3.142891383510731430e+03 3.187339168965552817e+05 1.117854083476747182e+05 7.945540739414612763e+06 4.563148077734946128e+04 1.152889315148001537e+07 1.167826914193601115e+06 -2.245674706629930064e+06 -5.573702885056980886e+05 4.720493624799002282e+04 -3.712456874920814298e+05 3.509410794442956685e+05 1.345629997624834068e+05 5.406728485430605710e+06 1.760156088869206142e+06 3.686772737762617413e+06 2.190680049189007841e+06 -2.913216345959608589e+04 6.970096287907219958e+05 3.903763734940485447e+05 4.179115436680040439e+05 -3.425512919831534964e+05 -3.240825652621540939e+05
4.015017895885536913e+06 -1.737742227378294047e+05 1.118080234587745275e+06 5.205597304051489569e+06 4.352527340528242057e+05 -1.188801158778005083e+04 -6.492567172929569642e+04 -1.036892843480850133e+05 6.013191836503957893e+04 4.208768865325891966e+04 2.698222052127102856e+06 2.989400937158796005e+05 2.083325074164377293e+06 8.873171986391033279e+05 -6.466897694405204384e+05 -4.764137114252888714e+05 7.972590618489662120e+03 -1.575542478156322031e+05 2.056966212382002268e+05 1.545837952722854679e+05 1.341544228602505056e+06 2.875792206182590686e+06 1.599804981399223674e+06 1.214005483038819861e+06 -8.624352927090078592e+05 -5.981034341881985310e+05 1.788112270867672050e+05 2.103502182782424788e+05 1.212516951208416867e+05 -8.424141967803813168e+04
4.581612631193442270e+06 9.751460427655603271e+05 -4.120201278113140725e+05 4.352527340528242057e+05 2.241543458992729895e+06 1.643520562605671294e+05 6.145917889496307180e+04 3.442926247668024735e+04 9.583993037238246870e+02 -1.704076437758632528e+04 -6.845283125377421675e+04 1.994826496627401095e+06 3.710524475342105143e+05 2.433906972457169322e+05 7.142367068505154457e+05 1.208732728232511545e+04 -4.143663969787217866e+03 -7.467688055161238299e+04 -2.379024853459400038e+04 8.638815931707073469e+04 -1.034120729158810340e+06 -4.239623849263622542e+05 -3.642439565422981977e+05 7.843576523651247844e+05 -1.971678194658471912e+05 -1.799758423921608482e+05 1.035573504680400802e+05 9.899125639186290209e+04 -1.317188258246268379e+05 -7.634924931810014823e+04
-6.710827508647426730e+05 -7.254189268042650656e+04 2.722726734877012859e+04 -1.188801158778005083e+04 1.643520562605671294e+05 1.316594871846199967e+06 9.701269988418841967e+04 2.973784145784149950e+04 2.827781770657657398e+04 3.265077604346036242e+04 -6.993346335376822390e+05 9.015114038321883418e+05 1.111624398083408130e+06 1.111251127405318985e+05 7.167249271927573718e+05 4.099388052106075338e+05 3.900282561519963929e+04 7.220497802685314673e+04 -6.595129405899326957e+04 -5.889511030771585501e+04 -4.914666367378926370e+05 4.985332664261436439e+05 5.014025770414555445e+05 4.424443495999876177e+05 -6.821780994722218020e+04 -1.928066421126150526e+05 -7.264422894137442927e+04 -4.924394361424513045e+04 -1.321585747601629701e+05 -8.437779401606181636e+04
-7.633858774189946707e+05 2.579421828054483922e+05 -2.084627168774884194e+04 -6.492567172929569642e+04 6.145917889496307180e+04 9.701269988418841967e+04 6.152754186995382188e+05 3.838915719713606813e+04 1.316559776206706556e+04 1.088441809565348012e+04 3.705202481905058376e+05 1.385691937804536195e+06 7.459576668005078100e+05 3.211048390741691692e+05 1.506022903002354142e+05 -7.442217533740466752e+04 1.975404361683658499e+05 9.209227266278039315e+04 -1.491881318899422149e+04 4.399137230343342526e+04 -1.150239275547157740e+06 -1.302058262937471736e+06 -4.865927138955003466e+04 -1.215635101631660073e+05 -2.348852441717653419e+05 -7.130024951009832148e+04 -2.539965226462851861e+05 -2.949244926088588545e+04 -1.226268250101047597e+05 -7.196027897753295838e+04
-1.916179767914607946e+05 4.543676630792914075e+05 -3.142891383510731430e+03 -1.036892843480850133e+05 3.442926247668024735e+04 2.973784145784149950e+04 3.838915719713606813e+04 2.884908782984265126e+05 1.340998864874666651e+04 1.291442489086483511e+04 -4.857726506628306815e+05 2.809485803306395537e+05 -1.214121456971993030e+04 -1.489202866963190609e+05 3.931359116519501549e+04 -5.795069645765089808e+04 -3.373166892350211128e+04 7.480468467839965888e+04 2.455813266470180679e+04 -2.460344846504222005e+03 -2.563350426303610730e+05 -1.224189805416561197e+06 -1.663357986316362512e+05 -2.193454541631344910e+04 3.128421086455184268e+05 -9.783482900439212972e+04 -1.525503870097338222e+05 6.009681523352101067e+03 -4.215180968162596400e+04 9.947339659970146386e+03
3.714416856439263793e+05 2.701574755076467991e+05 3.187339168965552817e+05 6.013191836503957893e+04 9.583993037238246870e+02 2.827781770657657398e+04 1.316559776206706556e+04 1.340998864874666651e+04 1.595829742254825251e+05 1.337571759085360281e+04 2.397533270317417046e+05 -4.452690310279810365e+04 6.045340736685168231e+05 4.520456077125689626e+04 -6.388687334485151223e+04 9.866239936763889273e+04 -4.949232229689289852e+03 -2.137535375762328840e+04 4.782476839175184432e+04 1.409419358540034045e+04 -5.583327298925180221e+05 -2.650704599072354031e+05 1.531474192996808852e+05 2.040551040115820360e+05 6.003072923174505559e+04 5.045694679898637696e+04 -4.103562803956345306e+04 -2.358413724123787688e+03 -5.796947949410051660e+04 -2.348668615254151518e+04
-4.733971498546088696e+05 -2.995508232748482988e+04 1.117854083476747182e+05 4.208768865325891966e+04 -1.704076437758632528e+04 3.265077604346036242e+04 1.088441809565348012e+04 1.291442489086483511e+04 1.337571759085360281e+04 1.643849857864526857e+05 -4.800004707894177409e+05 -1.710817489155704679e+05 1.621688641610741324e+05 3.530822351726342458e+04 -1.867244491795113572e+04 3.066085883197108706e+04 -6.471737653225052054e+04 -2.578284596234278433e+04 3.444240709697425700e+03 2.919481266747309564e+04 6.344949931495245255e+04 -4.005543898658895050e+05 3.545392973799913889e+05 -1.389378304435437021e+05 6.564108041955475346e+04 -2.084289201441223486e+04 -9.753448354753955209e+04 -7.791690557250496931e+04 8.750772278787521645e+04 -1.448754231549496296e+02
7.516100089444576204e+07 -1.184950009989516251e+07 7.945540739414612763e+06 2.698222052127102856e+06 -6.845283125377421675e+04 -6.993346335376822390e+05 3.705202481905058376e+05 -4.857726506628306815e+05 2.397533270317417046e+05 -4.800004707894177409e+05 8.950051450105930567e+08 3.800009536658228934e+07 2.807797319387427717e+07 5.940179458517183550e+06 7.857092558557999320e+06 3.273603665766711812e+06 5.422008731963528320e+06 2.481962936254150991e+05 2.918014348178496119e+06 2.327814566415080335e+05 2.598617917135088891e+07 -1.405975082248188742e+07 2.048920400625209883e+07 1.015293852065995894e+07 1.173941180738243274e+06 -8.937456260348169133e+06 4.913705696203034604e+05 -4.033337355182288680e+06 1.039072816366808256e+06 4.656089423967974726e+05
-4.683094886673794128e+06 1.059835005423019268e+07 4.563148077734946128e+04 2.989400937158796005e+05 1.994826496627401095e+06 9.015114038321883418e+05 1.385691937804536195e+06 2.809485803306395537e+05 -4.452690310279810365e+04 -1.710817489155704679e+05 3.800009536658228934e+07 2.532261430449702144e+08 3.601677751612462848e+07 1.238979996187434765e+06 5.545028442233563401e+06 5.282789555442772806e+06 5.693870016883729957e+06 1.581043556448361371e+06 -3.560783064061376353e+04 1.133529978166549234e+06 1.853240363652540371e+07 1.811492490116220200e+06 2.266086844651686773e+07 8.383556383741508238e+06 4.744681291593706235e+06 2.682057977326460183e+06 1.145052825489145471e+06 2.841607752321184147e+06 3.758602049641277990e+05 1.262707135111771757e+06
9.184451906093666330e+06 7.114431196157101542e+06 1.152889315148001537e+07 2.083325074164377293e+06 3.710524475342105143e+05 1.111624398083408130e+06 7.459576668005078100e+05 -1.214121456971993030e+04 6.045340736685168231e+05 1.621688641610741324e+05 2.807797319387427717e+07 3.601677751612462848e+07 1.147805296630862355e+08 7.703650048698037863e+06 2.506782491657762788e+06 2.014937435610244516e+06 3.051420529369303957e+06 1.120124053305856069e+05 5.824923347073032055e+05 9.013530376861332916e+05 1.442220673998464830e+07 1.367752728093266115e+07 2.538102431152746826e+07 7.440381497873218730e+06 5.076100126465902664e+06 2.001250310801677871e+06 4.482134533332605497e+05 1.239176423259246629e+06 1.975238666849460278e+05 2.760296805320356507e+05
-2.081544076738456264e+06 -1.531861230364378542e+06 1.167826914193601115e+06 8.873171986391033279e+05 2.433906972457169322e+05 1.111251127405318985e+05 3.211048390741691692e+05 -1.489202866963190609e+05 4.520456077125689626e+04 3.530822351726342458e+04 5.940179458517183550e+06 1.238979996187434765e+06 7.703650048698037863e+06 2.524288174074556679e+07 9.754052176252536010e+05 -1.035631784116492607e+06 1.001985500487501500e+06 -1.600874435762178327e+05 2.483806272861931066e+05 4.302216973501418252e+05 3.196637246058839373e+06 6.934074525207591243e+06 4.110663324151503388e+06 3.871845766887836624e+06 -1.120669985188940074e+06 -4.195882257902459824e+05 -1.392372015566705493e+06 -6.895935912277012831e+05 1.253755397217710706e+05 -2.008331281838841678e+05
-5.892429089853517944e+05 -1.395174655919096898e+06 -2.245674706629930064e+06 -6.466897694405204384e+05 7.142367068505154457e+05 7.167249271927573718e+05 1.506022903002354142e+05 3.931359116519501549e+04 -6.388687334485151223e+04 -1.867244491795113572e+04 7.857092558557999320e+06 5.545028442233563401e+06 2.506782491657762788e+06 9.754052176252536010e+05 1.827569476951384172e+07 1.558813920625205385e+06 8.938656633988027461e+05 5.804514115908861859e+05 7.895230836257147894e+04 2.950943715664635529e+05 -1.083756095286816359e+06 2.821370418475432321e+06 5.130809170900449157e+06 5.506668227599219972e+04 2.432960789852889255e+06 1.128236295063758153e+05 -6.530314448465202004e+05 -8.448305614635972306e+05 -2.218339777333705279e+05 1.013470185282472667e+05
-2.074842296981159132e+06 -1.051682361743661109e+06 -5.573702885056980886e+05 -4.764137114252888714e+05 1.208732728232511545e+04 4.099388052106075338e+05 -7.442217533740466752e+04 -5.795069645765089808e+04 9.866239936763889273e+04 3.066085883197108706e+04 3.273603665766711812e+06 5.282789555442772806e+06 2.014937435610244516e+06 -1.035631784116492607e+06 1.558813920625205385e+06 7.414501409284068272e+06 4.253713637968605617e+05 1.253064165427828120e+05 2.190925031231910543e+04 -1.828370626353788830e+05 -1.220111605132201687e+06 2.457619892556221690e+06 3.112097838975693565e+06 3.875462773320538108e+05 5.331325609253110597e+05 7.577314966045663459e+05 -1.222298270914813183e+05 -6.747544824633172539e+03 1.938610158526929736e+05 1.516942168676015281e+05
4.581408454455350875e+05 4.882092045690727537e+05 4.720493624799002282e+04 7.972590618489662120e+03 -4.143663969787217866e+03 3.900282561519963929e+04 1.975404361683658499e+05 -3.373166892350211128e+04 -4.949232229689289852e+03 -6.471737653225052054e+04 5.422008731963528320e+06 5.693870016883729957e+06 3.051420529369303957e+06 1.001985500487501500e+06 8.938656633988027461e+05 4.253713637968605617e+05 3.573681709695609752e+06 4.840409796868608682e+05 4.669916846110925690e+04 7.754417878448963165e+04 5.816295633366741240e+05 -1.660118380374191038e+05 1.937082548717310652e+06 5.585580849778871052e+05 -6.895351566286927846e+04 1.421535801309731905e+05 1.935500942886275297e+05 1.865252765700230957e+05 2.317751796750135327e+03 1.505652390171700972e+05
-5.648407814728543162e+05 -1.981884811010003032e+05 -3.712456874920814298e+05 -1.575542478156322031e+05 -7.467688055161238299e+04 7.220497802685314673e+04 9.209227266278039315e+04 7.480468467839965888e+04 -2.137535375762328840e+04 -2.578284596234278433e+04 2.481962936254150991e+05 1.581043556448361371e+06 1.120124053305856069e+05 -1.600874435762178327e+05 5.804514115908861859e+05 1.253064165427828120e+05 4.840409796868608682e+05 1.724202614003453637e+06 3.327002163866951014e+04 7.468192759412493615e+04 -1.711850223210263066e+06 -1.643206247482222971e+06 5.088743898967141286e+05 -5.890592928094365634e+05 5.736230801818816690e+04 3.309308256102706655e+05 -1.568923426453461580e+05 5.225715503496346355e+04 -1.100971985863809095e+05 1.332562889394338999e+05
-4.190973480008082115e+05 2.890077453848914593e+05 3.509410794442956685e+05 2.056966212382002268e+05 -2.379024853459400038e+04 -6.595129405899326957e+04 -1.491881318899422149e+04 2.455813266470180679e+04 4.782476839175184432e+04 3.444240709697425700e+03 2.918014348178496119e+06 -3.560783064061376353e+04 5.824923347073032055e+05 2.483806272861931066e+05 7.895230836257147894e+04 2.190925031231910543e+04 4.669916846110925690e+04 3.327002163866951014e+04 8.732418511733867927e+05 1.113760385639992164e+05 3.276321702025260311e+05 7.366901380210120697e+05 1.106417872201772407e+06 5.731046731048163492e+05 4.528303512160095852e+05 2.461393728546659986e+05 -3.536888369164572214e+04 -1.060267584892104933e+05 5.928582230469812203e+04 4.441565420446161443e+04
5.199277287286210922e+05 5.798266807278801571e+04 1.345629997624834068e+05 1.545837952722854679e+05 8.638815931707073469e+04 -5.889511030771585501e+04 4.399137230343342526e+04 -2.460344846504222005e+03 1.409419358540034045e+04 2.919481266747309564e+04 2.327814566415080335e+05 1.133529978166549234e+06 9.013530376861332916e+05 4.302216973501418252e+05 2.950943715664635529e+05 -1.828370626353788830e+05 7.754417878448963165e+04 7.468192759412493615e+04 1.113760385639992164e+05 6.420652250519349473e+05 -3.591092881181632401e+05 -2.474255989094618126e+05 1.398540979687318206e+06 1.197014440592087922e+05 2.226117328104231274e+05 2.833629781042666873e+05 -4.599528161143473426e+02 -5.453099119435704779e+03 4.433277779668587027e+04 5.378629094266710308e+04
-3.112093381816772278e+06 7.650850130933906883e+06 5.406728485430605710e+06 1.341544228602505056e+06 -1.034120729158810340e+06 -4.914666367378926370e+05 -1.150239275547157740e+06 -2.563350426303610730e+05 -5.583327298925180221e+05 6.344949931495245255e+04 2.598617917135088891e+07 1.853240363652540371e+07 1.442220673998464830e+07 3.196637246058839373e+06 -1.083756095286816359e+06 -1.220111605132201687e+06 5.816295633366741240e+05 -1.711850223210263066e+06 3.276321702025260311e+05 -3.591092881181632401e+05 2.063151033112932146e+08 3.419627478018268198e+07 1.837059603600155562e+07 6.748192770425148308e+06 7.288566058432471473e+05 -1.195622077571521979e+06 2.183640056241334882e+06 1.197687925811778587e+04 2.610223995207627304e+06 1.100949150700918864e+06
-1.765947664137672633e+07 -9.732311171261148527e+06 1.760156088869206142e+06 2.875792206182590686e+06 -4.239623849263622542e+05 4.985332664261436439e+05 -1.302058262937471736e+06 -1.224189805416561197e+06 -2.650704599072354031e+05 -4.005543898658895050e+05 -1.405975082248188742e+07 1.811492490116220200e+06 1.367752728093266115e+07 6.934074525207591243e+06 2.821370418475432321e+06 2.457619892556221690e+06 -1.660118380374191038e+05 -1.643206247482222971e+06 7.366901380210120697e+05 -2.474255989094618126e+05 3.419627478018268198e+07 1.978229136439956725e+08 2.272431838168090209e+07 1.188690756570930034e+07 2.701138152531408239e+06 3.918226796385373455e+06 2.940975593297725078e+06 2.925115727903174702e+05 1.210360958103869809e+06 8.984918643132241414e+02
1.253159805147429928e+06 1.484501873395656003e+05 3.686772737762617413e+06 1.599804981399223674e+06 -3.642439565422981977e+05 5.014025770414555445e+05 -4.865927138955003466e+04 -1.663357986316362512e+05 1.531474192996808852e+05 3.545392973799913889e+05 2.048920400625209883e+07 2.266086844651686773e+07 2.538102431152746826e+07 4.110663324151503388e+06 5.130809170900449157e+06 3.112097838975693565e+06 1.937082548717310652e+06 5.088743898967141286e+05 1.106417872201772407e+06 1.398540979687318206e+06 1.837059603600155562e+07 2.272431838168090209e+07 1.027189327613163888e+08 7.833648938604363240e+06 5.934704934899733402e+06 4.248073547930029221e+06 -2.279420159497946734e+05 2.692289273276551976e+05 2.326554432824304793e+06 1.375639157822307665e+06
9.982694482726871967e+06 6.870657819977910549e+04 2.190680049189007841e+06 1.214005483038819861e+06 7.843576523651247844e+05 4.424443495999876177e+05 -1.215635101631660073e+05 -2.193454541631344910e+04 2.040551040115820360e+05 -1.389378304435437021e+05 1.015293852065995894e+07 8.383556383741508238e+06 7.440381497873218730e+06 3.871845766887836624e+06 5.506668227599219972e+04 3.875462773320538108e+05 5.585580849778871052e+05 -5.890592928094365634e+05 5.731046731048163492e+05 1.197014440592087922e+05 6.748192770425148308e+06 1.188690756570930034e+07 7.833648938604363240e+06 3.163783424458760768e+07 1.212479426505546318e+06 2.846477531332098413e+06 1.925765994770616991e+06 1.035004774135477841e+06 8.503951912707237352e+04 -1.416629690385935537e+05
-4.562919213087121956e+06 1.818436536538952962e+06 -2.913216345959608589e+04 -8.624352927090078592e+05 -1.971678194658471912e+05 -6.821780994722218020e+04 -2.348852441717653419e+05 3.128421086455184268e+05 6.003072923174505559e+04 6.564108041955475346e+04 1.173941180738243274e+06 4.744681291593706235e+06 5.076100126465902664e+06 -1.120669985188940074e+06 2.432960789852889255e+06 5.331325609253110597e+05 -6.895351566286927846e+04 5.736230801818816690e+04 4.528303512160095852e+05 2.226117328104231274e+05 7.288566058432471473e+05 2.701138152531408239e+06 5.934704934899733402e+06 1.212479426505546318e+06 2.572482560384247825e+07 2.373274705190300476e+06 -3.768401436999742873e+05 -3.114249224018274690e+05 7.737450811304137460e+04 7.744535278375389753e+05
-1.269127961067610886e+06 -3.576968307329172385e+05 6.970096287907219958e+05 -5.981034341881985310e+05 -1.799758423921608482e+05 -1.928066421126150526e+05 -7.130024951009832148e+04 -9.783482900439212972e+04 5.045694679898637696e+04 -2.084289201441223486e+04 -8.937456260348169133e+06 2.682057977326460183e+06 2.001250310801677871e+06 -4.195882257902459824e+05 1.128236295063758153e+05 7.577314966045663459e+05 1.421535801309731905e+05 3.309308256102706655e+05 2.461393728546659986e+05 2.833629781042666873e+05 -1.195622077571521979e+06 3.918226796385373455e+06 4.248073547930029221e+06 2.846477531332098413e+06 2.373274705190300476e+06 1.338176464144171029e+07 1.175900007098535541e+06 6.012990060735974694e+05 2.058693526204376540e+05 1.012889400645390851e+05
5.613310051192863844e+06 -5.538013396578447428e+05 3.903763734940485447e+05 1.788112270867672050e+05 1.035573504680400802e+05 -7.264422894137442927e+04 -2.539965226462851861e+05 -1.525503870097338222e+05 -4.103562803956345306e+04 -9.753448354753955209e+04 4.913705696203034604e+05 1.145052825489145471e+06 4.482134533332605497e+05 -1.392372015566705493e+06 -6.530314448465202004e+05 -1.222298270914813183e+05 1.935500942886275297e+05 -1.568923426453461580e+05 -3.536888369164572214e+04 -4.599528161143473426e+02 2.183640056241334882e+06 2.940975593297725078e+06 -2.279420159497946734e+05 1.925765994770616991e+06 -3.768401436999742873e+05 1.175900007098535541e+06 7.113825711408033967e+06 1.084409604239942040e+06 1.135560399057579780e+05 -1.417821814686488942e+05
1.845512085955971153e+06 4.450686338277650066e+05 4.179115436680040439e+05 2.103502182782424788e+05 9.899125639186290209e+04 -4.924394361424513045e+04 -2.949244926088588545e+04 6.009681523352101067e+03 -2.358413724123787688e+03 -7.791690557250496931e+04 -4.033337355182288680e+06 2.841607752321184147e+06 1.239176423259246629e+06 -6.895935912277012831e+05 -8.448305614635972306e+05 -6.747544824633172539e+03 1.865252765700230957e+05 5.225715503496346355e+04 -1.060267584892104933e+05 -5.453099119435704779e+03 1.197687925811778587e+04 2.925115727903174702e+05 2.692289273276551976e+05 1.035004774135477841e+06 -3.114249224018274690e+05 6.012990060735974694e+05 1.084409604239942040e+06 2.800628347083834000e+06 1.093229124127565738e+05 -1.314182588988474345e+04
-1.915334883260750212e+06 -1.261923750521107111e+06 -3.425512919831534964e+05 1.212516951208416867e+05 -1.317188258246268379e+05 -1.321585747601629701e+05 -1.226268250101047597e+05 -4.215180968162596400e+04 -5.796947949410051660e+04 8.750772278787521645e+04 1.039072816366808256e+06 3.758602049641277990e+05 1.975238666849460278e+05 1.253755397217710706e+05 -2.218339777333705279e+05 1.938610158526929736e+05 2.317751796750135327e+03 -1.100971985863809095e+05 5.928582230469812203e+04 4.433277779668587027e+04 2.610223995207627304e+06 1.210360958103869809e+06 2.326554432824304793e+06 8.503951912707237352e+04 7.737450811304137460e+04 2.058693526204376540e+05 1.135560399057579780e+05 1.093229124127565738e+05 2.337996092470246367e+06 2.056544959567683400e+05
-9.856910303305919515e+05 2.656757434996252996e+05 -3.240825652621540939e+05 -8.424141967803813168e+04 -7.634924931810014823e+04 -8.437779401606181636e+04 -7.196027897753295838e+04 9.947339659970146386e+03 -2.348668615254151518e+04 -1.448754231549496296e+02 4.656089423967974726e+05 1.262707135111771757e+06 2.760296805320356507e+05 -2.008331281838841678e+05 1.013470185282472667e+05 1.516942168676015281e+05 1.505652390171700972e+05 1.332562889394338999e+05 4.441565420446161443e+04 5.378629094266710308e+04 1.100949150700918864e+06 8.984918643132241414e+02 1.375639157822307665e+06 -1.416629690385935537e+05 7.744535278375389753e+05 1.012889400645390851e+05 -1.417821814686488942e+05 -1.314182588988474345e+04 2.056544959567683400e+05 9.196521787534535397e+05
